point_0: [0.75, 0, 0]
point_1: [0.69291, 0.287013, 0]
point_2: [0.53033, 0.53033, 0]
point_3: [0.287013, 0.69291, 0]
point_4: [4.59243e-17, 0.75, 0]
point_5: [-0.287013, 0.69291, 0]
point_6: [-0.53033, 0.53033, 0]
point_7: [-0.69291, 0.287013, 0]
point_8: [-0.75, 9.18485e-17, 0]
point_9: [-0.69291, -0.287013, 0]
point_10: [-0.53033, -0.53033, 0]
point_11: [-0.287013, -0.69291, 0]
point_12: [-1.37773e-16, -0.75, 0]
point_13: [0.287013, -0.69291, 0]
point_14: [0.53033, -0.53033, 0]
point_15: [0.69291, -0.287013, 0]

